layout_spectrum: 0.1524131
typography_spectrum: 0.5310636
color:
  saturation: 0.06193919
  lightness: 0.9191822
  brandStrength: 0.4026587
  rhythmicContrast: 0.8253431
name: Thechouins
